# adjfunc
adjfunc 2 18 9 1050 1150 5 900 1100 1900 2100 2 30 230
adjfunc 3 49 9 1050 1150 6 900 1100 1900 2100 2 10 100
adjfunc 4 22 9 1050 1150 7 900 1100 1900 2100 2 30 230
adjfunc 5 14 9 1050 1150 8 900 1100 1900 2100 2 30 230
adjfunc 6 19 9 1150 1250 5 900 1100 1900 2100 2 50 250
adjfunc 7 50 9 1150 1250 6 900 1100 1900 2100 2 10 100
adjfunc 8 23 9 1150 1250 7 900 1100 1900 2100 2 50 250
adjfunc 9 15 9 1150 1250 8 900 1100 1900 2100 2 50 250
adjfunc 10 20 9 1250 1350 5 900 1100 1900 2100 2 10 210
adjfunc 11 51 9 1250 1350 6 900 1100 1900 2100 2 0 100
adjfunc 12 24 9 1250 1350 7 900 1100 1900 2100 2 10 210
adjfunc 13 16 9 1250 1350 8 900 1100 1900 2100 2 20 220
adjfunc 14 21 9 1350 1450 5 900 1100 1900 2100 2 50 250
adjfunc 15 52 9 1350 1450 6 900 1100 1900 2100 2 0 100
adjfunc 16 25 9 1350 1450 7 900 1100 1900 2100 2 0 200
adjfunc 17 17 9 1350 1450 8 900 1100 1900 2100 2 50 250
adjfunc 18 60 9 1550 1650 5 900 1100 1900 2100 2 30 230
adjfunc 19 59 9 1550 1650 8 900 1100 1900 2100 2 30 230
adjfunc 20 61 9 1650 1750 5 900 1100 1900 2100 2 0 100
adjfunc 21 62 9 1650 1750 6 900 1100 1900 2100 2 0 100
adjfunc 22 63 9 1650 1750 7 900 1100 1900 2100 1 0 50
adjfunc 23 0 9 1650 1750 8 900 1100 1900 2100 2 0 100
adjfunc 24 28 9 1750 1850 5 900 1100 1900 2100 2 0 200
adjfunc 25 29 9 1750 1850 6 900 1100 1900 2100 2 0 200
adjfunc 26 26 9 1750 1850 7 900 1100 1900 2100 2 50 250
adjfunc 27 27 9 1750 1850 8 900 1100 1900 2100 2 50 250
adjfunc 28 54 9 1850 1950 5 900 1100 1900 2100 2 10 100
adjfunc 29 55 9 1850 1950 6 900 1100 1900 2100 2 10 100
adjfunc 30 0 0 1500 1500 0 1500 1500 1500 1500 1 0 100
adjfunc 31 48 9 1850 1950 8 900 1100 1900 2100 2 10 100