# adjfunc
adjfunc 2 18 9 1100 1200 5 900 1100 1900 2100 2 30 230
adjfunc 3 60 9 1100 1200 6 900 1100 1900 2100 2 10 210
adjfunc 4 22 9 1100 1195 7 900 1100 1900 2100 2 30 230
adjfunc 5 14 9 1100 1200 8 900 1100 1900 2100 2 30 230
adjfunc 6 19 9 1250 1350 5 900 1100 1900 2100 2 50 250
adjfunc 7 59 9 1250 1350 6 900 1100 1900 2100 2 10 210
adjfunc 8 23 9 1250 1350 7 900 1100 1900 2100 2 50 250
adjfunc 9 15 9 1250 1350 8 900 1100 1900 2100 2 50 250
adjfunc 10 20 9 1650 1750 5 900 1100 1900 2100 2 10 210
adjfunc 11 0 0 1500 1500 0 1500 1500 1500 1500 0 0 100
adjfunc 12 24 9 1650 1750 7 900 1100 1900 2100 2 10 210
adjfunc 13 16 9 1650 1750 8 900 1100 1900 2100 2 20 220
adjfunc 14 21 9 1800 1900 5 900 1100 1900 2100 2 50 250
adjfunc 15 0 0 1500 1500 0 1500 1500 1500 1500 0 0 100
adjfunc 16 25 9 1800 1900 7 900 1100 1900 2100 2 0 200
adjfunc 17 17 9 1800 1900 8 900 1100 1900 2100 2 50 250
adjfunc 18 28 9 1950 2050 5 900 1100 1900 2100 2 0 200
adjfunc 19 29 9 1950 2050 6 900 1100 1900 2100 2 0 200
adjfunc 20 26 9 1950 2050 7 900 1100 1900 2100 2 50 250
adjfunc 21 27 9 1950 2050 8 900 1100 1900 2100 2 50 250
